457564 1 -0.127120803896992 -0.990133943791435 -0.0589497630920006 49.7167353161235 0.832427280467364 -0.0741785933794199 -0.549146937547649 -300.156258282892 0.539356212488828 -0.118879391133498 0.833644148551069 -1967.47997365163 0 0 0 1
459767 1 0.896305657263325 0.440978592991102 -0.0466267013774987 8.50299218619059 0.379317447472483 -0.707990064430132 0.595708269802574 -279.210541409715 0.229683353338283 -0.551623013653169 -0.801846374318345 -1949.38515807548 0 0 0 1
463564 1 0.874564363801492 0.475550290191235 -0.0948108383441695 6.20518450430005 0.468826954922653 -0.779301007142043 0.415801907890466 -275.616917277801 0.123848536149788 -0.408095407676233 -0.904499683983983 -1940.33137314425 0 0 0 1
467595 1 0.885135709934443 0.460754156672599 -0.0651182164050113 7.4886459263125 0.424743438797246 -0.742817761613251 0.517508245567709 -273.101594961974 0.190073107507448 -0.485723563501711 -0.853196831722704 -1942.77531915211 0 0 0 1
470392 1 0.884595396771777 0.460220989774713 -0.075416341604235 7.97213990529089 0.428016164763072 -0.736966109268936 0.523147318152848 -274.896539784227 0.18518408871092 -0.495053122765416 -0.848898850822945 -1943.89288856379 0 0 0 1
474330 1 0.90993409401444 0.413429881060375 -0.0331010271219213 7.46571071823675 0.369693158393064 -0.772312060759205 0.516585955522633 -269.35885902342 0.188007747679405 -0.482296396681828 -0.855595273806631 -1941.15293844081 0 0 0 1
478048 1 0.888776310554188 0.454422443693013 -0.0598072944193023 8.78670972956334 0.414177420951724 -0.740385679954803 0.529420540677867 -272.634151495407 0.19630011149122 -0.495307265831965 -0.846248768768735 -1941.51206494958 0 0 0 1
480502 1 0.868827565599643 0.479287607751057 -0.124185547913064 8.8977570430042 0.484856375365684 -0.772834713262978 0.409439618555635 -272.494707769485 0.100264432983237 -0.415944581683668 -0.903845754787037 -1941.9904195239 0 0 0 1
482705 1 0.890807764410768 0.451465025980585 -0.0513892710771523 8.92101605041187 0.408195821758028 -0.745449008015472 0.526955356314022 -272.389278429005 0.199593832481817 -0.490392808639257 -0.848337901587642 -1940.64703298139 0 0 0 1
484611 1 0.864530670058857 0.49917872337411 -0.0583722764519148 5.17673956019877 0.466079485525748 -0.752862740489552 0.464723151085264 -272.016837436586 0.188033597262933 -0.428973537777281 -0.883529892073384 -1941.08339234662 0 0 0 1
488720 1 0.878858549870169 0.472224903467265 -0.0679064788178255 6.55902325252642 0.427577867159947 -0.716505958082337 0.551177266900098 -280.97899789212 0.211624234989886 -0.513442160888492 -0.831620304337924 -1942.8235633956 0 0 0 1
489752 1 0.851744733442765 0.513820989672495 -0.102561686922998 5.53573311890391 0.500579965239098 -0.740184593735468 0.448939267159696 -281.724072838888 0.154759837986916 -0.433721982113703 -0.887656822639034 -1942.51164367302 0 0 0 1
491345 1 0.845717646486866 0.528346407704176 -0.0749115203877834 4.02973889755788 0.495367936144962 -0.725104306335946 0.478366337415739 -281.181794918476 0.198424469912854 -0.441671618285758 -0.87495937696595 -1943.18988431334 0 0 0 1
492595 1 0.849126889107918 0.518252802217934 -0.101968422500157 5.74300093916172 0.504060857674815 -0.737412300863938 0.449606216921746 -280.929924239774 0.157816912762992 -0.433171018799518 -0.887387565000855 -1943.30819826647 0 0 0 1
494345 1 0.848632036012793 0.51570938985538 -0.117760318731628 6.78413326283838 0.511688232554288 -0.743826981004749 0.429996017417409 -280.374838977514 0.134159681418271 -0.425164965095144 -0.895117831538057 -1942.89209385817 0 0 0 1
495689 10 0 0 0 0 0 0 0 0 0 0 0 0 0 0 0 1
497033 1 0.879243498017443 0.467778277594772 -0.0900797102821728 9.38141190782457 0.440797010331644 -0.727200895342876 0.526190890737577 -279.329774737657 0.180634622585859 -0.502356786380944 -0.845581925244548 -1943.40248695679 0 0 0 1
498705 1 0.846965270022238 0.521847359865705 -0.101612816009359 6.14426753741252 0.509054362270931 -0.740894772506891 0.438107968798674 -279.110078717837 0.153341082652677 -0.422788681344661 -0.893160816033568 -1944.04763236415 0 0 0 1
500189 1 0.856691943867883 0.504699329371704 -0.106571573337454 5.92730277130861 0.497782499122044 -0.754715027447646 0.427338052263677 -279.955358367495 0.135246060495972 -0.41914653079377 -0.897788777410292 -1942.84451092065 0 0 0 1
502564 1 0.854096411816728 0.509743238062555 -0.103349652013409 6.16824789888237 0.500441189839765 -0.751268778892423 0.430295058504336 -278.013411293715 0.141696629577246 -0.419233888314138 -0.896752480930752 -1942.24121029781 0 0 0 1
