0.46394,0.533769,-0.707001,-331.084694
0.445045,0.549627,0.706998,132.192161
0.76596,-0.642652,0.017443,230.277311
0.463939,0.53377,-0.707001,-331.334003
0.445043,0.549628,0.706998,132.441079
0.765962,-0.64265,0.017443,230.277707
0.463943,0.533767,-0.707001,-331.584314
0.445037,0.549633,0.706998,132.690928
0.765963,-0.642648,0.017452,230.280466
0.463939,0.53377,-0.707001,-331.834871
0.445038,0.549632,0.706998,132.941106
0.765965,-0.642646,0.017448,230.279172
0.463934,0.533775,-0.707001,-332.085062
0.445039,0.549631,0.706998,133.191122
0.765967,-0.642643,0.017442,230.277241
0.463934,0.533774,-0.707001,-332.33447
0.445036,0.549634,0.706998,133.440645
0.765968,-0.642642,0.017445,230.27835
0.463934,0.533775,-0.707001,-332.583577
0.445034,0.549635,0.706998,133.690058
0.76597,-0.64264,0.017446,230.278912
0.463937,0.533772,-0.707001,-332.833547
0.445029,0.54964,0.706997,133.940294
0.765971,-0.642638,0.017455,230.281673
0.463934,0.533775,-0.707001,-333.083826
0.445029,0.549639,0.706997,134.190907
0.765973,-0.642636,0.017451,230.280448
0.463929,0.533779,-0.707001,-333.3338
0.445031,0.549638,0.706998,134.44141
0.765975,-0.642633,0.017445,230.27867
0.463923,0.533784,-0.707001,-333.583471
0.445033,0.549636,0.706998,134.6918
0.765977,-0.642631,0.017438,230.276339
0.463916,0.53379,-0.707001,-333.832901
0.445035,0.549634,0.706998,134.942131
0.76598,-0.642628,0.017429,230.273538
0.463914,0.533792,-0.707001,-334.083189
0.445035,0.549635,0.706998,135.19328
0.765982,-0.642626,0.017427,230.272932
0.46391,0.533795,-0.707001,-334.333169
0.445035,0.549634,0.706998,135.444314
0.765984,-0.642624,0.017423,230.271774
0.463905,0.533799,-0.707001,-334.582842
0.445036,0.549633,0.706998,135.695235
0.765986,-0.642621,0.017418,230.270064
0.4639,0.533803,-0.707001,-334.832272
0.445038,0.549632,0.706998,135.946093
0.765988,-0.642619,0.017411,230.267885
0.463899,0.533804,-0.707001,-335.082619
0.445036,0.549633,0.706998,136.197818
0.76599,-0.642617,0.017412,230.267986
0.463901,0.533811,-0.706994,-335.33201
0.445031,0.549629,0.707005,136.449953
0.765992,-0.642615,0.017411,230.267452
0.463898,0.533814,-0.706994,-335.582525
0.445031,0.549629,0.707005,136.698668
0.765993,-0.642613,0.017408,230.266449
0.463894,0.533817,-0.706994,-335.832733
0.445032,0.549628,0.707005,136.947261
0.765995,-0.642611,0.017403,230.264896
0.463895,0.533817,-0.706994,-336.083856
0.445029,0.54963,0.707005,137.196712
0.765997,-0.642609,0.017407,230.265626
0.463894,0.533817,-0.706994,-336.334672
0.445027,0.549632,0.707005,137.446039
0.765998,-0.642607,0.017408,230.265806
0.463892,0.533819,-0.706994,-336.585179
0.445026,0.549633,0.707005,137.695242
0.766,-0.642605,0.017407,230.265436
0.463889,0.533821,-0.706995,-336.835378
0.445026,0.549633,0.707005,137.94432
0.766002,-0.642603,0.017404,230.264516
0.463885,0.533825,-0.706995,-337.085267
0.445027,0.549632,0.707005,138.193274
0.766004,-0.642601,0.0174,230.263046
0.463886,0.533824,-0.706995,-337.336065
0.445024,0.549634,0.707005,138.44308
0.766005,-0.642599,0.017403,230.263862
0.463885,0.533825,-0.706995,-337.586551
0.445022,0.549636,0.707005,138.69276
0.766006,-0.642597,0.017404,230.26413
0.463884,0.533826,-0.706995,-337.836726
0.445021,0.549637,0.707005,138.942312
0.766008,-0.642595,0.017403,230.263848
0.463881,0.533828,-0.706995,-338.086654
0.445021,0.549637,0.707005,139.19179
0.76601,-0.642593,0.017402,230.263101
0.463877,0.533832,-0.706995,-338.336204
0.445022,0.549636,0.707005,139.441087
0.766012,-0.642591,0.017397,230.261723
0.463877,0.533832,-0.706995,-338.58659
0.445019,0.549638,0.707005,139.69118
0.766013,-0.64259,0.017399,230.262551
0.463877,0.533832,-0.706995,-338.836726
0.445017,0.54964,0.707005,139.941195
0.766015,-0.642588,0.017401,230.262914
0.463875,0.533833,-0.706995,-339.086613
0.445016,0.549641,0.707005,140.191134
0.766016,-0.642586,0.017401,230.262812
0.463872,0.533836,-0.706995,-339.336119
0.445016,0.549641,0.707005,140.440889
0.766018,-0.642584,0.017398,230.262081
0.463874,0.533835,-0.706995,-339.586454
0.445012,0.549644,0.707005,140.691435
0.766019,-0.642582,0.017402,230.263557
0.463874,0.533834,-0.706995,-339.836537
0.445009,0.549646,0.707005,140.941902
0.76602,-0.642581,0.017406,230.26457
0.463874,0.533835,-0.706995,-340.086302
0.445007,0.549648,0.707005,141.192237
0.766022,-0.642579,0.017407,230.265037
0.463872,0.533836,-0.706995,-340.335749
0.445006,0.549649,0.707005,141.442438
0.766024,-0.642577,0.017406,230.264958
0.463869,0.533839,-0.706995,-340.584877
0.445006,0.549649,0.707005,141.692506
0.766025,-0.642575,0.017403,230.264333
0.463871,0.533837,-0.706995,-340.834891
0.445002,0.549652,0.707005,141.943413
0.766027,-0.642573,0.017409,230.266002
0.463872,0.533836,-0.706995,-341.084651
0.444999,0.549655,0.707004,142.194237
0.766028,-0.642572,0.017413,230.267209
0.463871,0.533837,-0.706995,-341.334023
0.444997,0.549656,0.707004,142.444873
0.766029,-0.64257,0.017414,230.267787
0.46387,0.533838,-0.706995,-341.583074
0.444996,0.549657,0.707004,142.695373
0.766031,-0.642568,0.017413,230.267822
0.463873,0.533836,-0.706995,-341.833005
0.444991,0.549661,0.707004,142.946708
0.766032,-0.642566,0.017421,230.270153
0.463875,0.533834,-0.706995,-342.082677
0.444987,0.549665,0.707004,143.197958
0.766033,-0.642565,0.017427,230.272022
0.463876,0.533833,-0.706994,-342.33196
0.444984,0.549667,0.707004,143.449016
0.766034,-0.642563,0.01743,230.273266
0.463871,0.533828,-0.707002,-342.582421
0.444986,0.549675,0.706997,143.696563
0.766036,-0.642562,0.017432,230.274048
0.46387,0.533829,-0.707002,-342.831917
0.444985,0.549675,0.706997,143.944492
0.766037,-0.64256,0.017431,230.274203
0.463873,0.533827,-0.707001,-343.08229
0.444981,0.549679,0.706997,144.193246
0.766038,-0.642559,0.017439,230.276657
0.463869,0.53383,-0.707002,-343.33295
0.444982,0.549679,0.706997,144.442347
0.76604,-0.642556,0.017434,230.274992
0.463864,0.533834,-0.707002,-343.583353
0.444983,0.549677,0.706997,144.691354
0.766042,-0.642554,0.017428,230.272861
0.463857,0.53384,-0.707002,-343.833367
0.444986,0.549675,0.706997,144.940162
0.766044,-0.642552,0.01742,230.270097
0.463856,0.533841,-0.707002,-344.084252
0.444985,0.549675,0.706997,145.18979
0.766046,-0.64255,0.017419,230.269629
0.463853,0.533843,-0.707002,-344.334811
0.444985,0.549675,0.706997,145.43927
0.766047,-0.642548,0.017416,230.268613
0.463849,0.533846,-0.707002,-344.585109
0.444986,0.549675,0.706997,145.688654
0.766049,-0.642546,0.017412,230.267132
0.463844,0.533851,-0.707002,-344.835016
0.444988,0.549673,0.706997,145.937835
0.766051,-0.642544,0.017406,230.265021
0.463844,0.533851,-0.707002,-345.085787
0.444986,0.549675,0.706997,146.187833
0.766052,-0.642542,0.017407,230.265208
0.463843,0.533852,-0.707002,-345.336294
0.444985,0.549676,0.706997,146.437732
0.766054,-0.642541,0.017407,230.26493
0.46384,0.533855,-0.707002,-345.586408
0.444985,0.549676,0.706997,146.687426
0.766056,-0.642539,0.017404,230.264024
0.463836,0.533858,-0.707002,-345.836191
0.444986,0.549675,0.706997,146.936969
0.766057,-0.642537,0.0174,230.26257
0.463836,0.533857,-0.707002,-346.086832
0.444983,0.549677,0.706997,147.187322
0.766059,-0.642535,0.017403,230.263418
0.463836,0.533858,-0.707002,-346.337141
0.444981,0.549679,0.706997,147.437522
0.76606,-0.642533,0.017404,230.26372
0.463834,0.533859,-0.707002,-346.587118
0.44498,0.549679,0.706997,147.687567
0.766062,-0.642532,0.017403,230.263477
0.463831,0.533862,-0.707002,-346.836763
0.44498,0.549679,0.706997,147.937458
0.766063,-0.64253,0.0174,230.262689
0.463833,0.53386,-0.707002,-347.087258
0.444977,0.549682,0.706997,148.188155
0.766064,-0.642528,0.017406,230.264204
0.463834,0.53386,-0.707002,-347.337417
0.444974,0.549685,0.706997,148.438695
0.766066,-0.642527,0.017409,230.265175
0.463833,0.53386,-0.707002,-347.587242
0.444972,0.549686,0.706997,148.689078
0.766067,-0.642525,0.01741,230.265601
0.463831,0.533862,-0.707002,-347.836665
0.444972,0.549687,0.706997,148.93925
0.766069,-0.642523,0.017408,230.265401
0.463834,0.533859,-0.707002,-348.086998
0.444967,0.549691,0.706997,149.190278
0.766069,-0.642522,0.017416,230.267591
0.463836,0.533858,-0.707002,-348.336992
0.444963,0.549694,0.706997,149.441145
0.76607,-0.64252,0.017421,230.269237
0.463837,0.533857,-0.707002,-348.586647
0.44496,0.549696,0.706997,149.691853
0.766072,-0.642519,0.017424,230.27034
0.463836,0.533858,-0.707002,-348.835964
0.444958,0.549698,0.706997,149.9424
0.766073,-0.642517,0.017425,230.270901
0.463835,0.533859,-0.707002,-349.084941
0.444958,0.549698,0.706997,150.192786
0.766075,-0.642515,0.017424,230.270919
0.463837,0.533857,-0.707002,-349.334689
0.444953,0.549702,0.706997,150.443916
0.766076,-0.642514,0.017431,230.273164
0.463839,0.533856,-0.707002,-349.584159
0.444949,0.549705,0.706997,150.694935
0.766077,-0.642513,0.017436,230.274951
0.463834,0.53386,-0.707002,-349.833895
0.444952,0.549703,0.706997,150.946286
0.766079,-0.64251,0.017429,230.272531
0.463828,0.533855,-0.707009,-350.084129
0.444955,0.54971,0.70699,151.193425
0.76608,-0.642509,0.017429,230.273148
0.463831,0.533862,-0.707002,-350.333774
0.444949,0.549705,0.706997,151.44598
0.766082,-0.642507,0.017429,230.272488
0.463833,0.53387,-0.706995,-350.583074
0.444945,0.5497,0.707004,151.69837
0.766083,-0.642505,0.017426,230.27128
0.463829,0.533873,-0.706995,-350.833548
0.444946,0.549699,0.707004,151.947085
0.766085,-0.642503,0.017421,230.269526
0.463823,0.533878,-0.706995,-351.083681
0.444948,0.549697,0.707004,152.195629
0.766087,-0.642501,0.017414,230.267225
0.463822,0.533879,-0.706995,-351.334575
0.444947,0.549698,0.707004,152.444901
0.766088,-0.6425,0.017414,230.26715
0.46382,0.533881,-0.706995,-351.585125
0.444947,0.549698,0.707004,152.694
0.76609,-0.642498,0.017413,230.266529
0.463817,0.533883,-0.706995,-351.835332
0.444947,0.549697,0.707004,152.942924
0.766091,-0.642496,0.017409,230.265362
0.463813,0.533887,-0.706995,-352.08526
0.444949,0.549696,0.707004,153.191727
0.766093,-0.642494,0.017404,230.263734
0.463813,0.533887,-0.706995,-352.335942
0.444946,0.549698,0.707004,153.441253
0.766094,-0.642493,0.017406,230.264333
0.463812,0.533888,-0.706995,-352.586277
0.444945,0.549699,0.707004,153.690603
0.766095,-0.642491,0.017407,230.264389
0.46381,0.533889,-0.706995,-352.836265
0.444945,0.5497,0.707004,153.939776
0.766097,-0.642489,0.017405,230.2639
0.463807,0.533892,-0.706995,-353.085905
0.444945,0.549699,0.707004,154.188771
0.766099,-0.642487,0.017401,230.262867
0.463808,0.533891,-0.706995,-353.336422
0.444942,0.549702,0.707004,154.438591
0.7661,-0.642486,0.017406,230.264232
0.463808,0.533891,-0.706995,-353.586459
0.44494,0.549703,0.707004,154.688124
0.766101,-0.642485,0.017407,230.264888
0.463806,0.533892,-0.706995,-353.836146
0.444939,0.549704,0.707004,154.937478
0.766102,-0.642483,0.017407,230.265001
0.46381,0.533889,-0.706995,-354.086703
0.444934,0.549708,0.707004,155.187652
0.766103,-0.642482,0.017415,230.267513
0.463813,0.533887,-0.706995,-354.336908
0.44493,0.549712,0.707004,155.437643
0.766104,-0.642481,0.017421,230.269484
0.463814,0.533886,-0.706995,-354.586758
0.444927,0.549715,0.707004,155.687452
0.766105,-0.642479,0.017425,230.270913
0.463814,0.533886,-0.706995,-354.836256
0.444925,0.549716,0.707004,155.937079
0.766106,-0.642478,0.017427,230.271801
0.463819,0.533882,-0.706995,-355.086486
0.444919,0.549721,0.707003,156.187413
0.766107,-0.642477,0.017437,230.274926
0.463816,0.533884,-0.706995,-355.337031
0.444919,0.549721,0.707003,156.438112
0.766108,-0.642475,0.017435,230.273853
0.463812,0.533887,-0.706995,-355.587154
0.44492,0.54972,0.707003,156.688573
0.76611,-0.642473,0.01743,230.272151
0.463807,0.533892,-0.706995,-355.83692
0.444922,0.549718,0.707004,156.938848
0.766112,-0.642471,0.017423,230.269902
0.463806,0.533893,-0.706995,-356.087412
0.444921,0.54972,0.707004,157.189825
0.766113,-0.64247,0.017423,230.269885
0.463804,0.533895,-0.706995,-356.337544
0.44492,0.54972,0.707004,157.440615
0.766115,-0.642468,0.017422,230.269323
0.463801,0.533897,-0.706995,-356.587381
0.444921,0.54972,0.707004,157.691269
0.766116,-0.642466,0.017419,230.268298
0.463797,0.5339,-0.706996,-356.836856
0.444922,0.549719,0.707004,157.941735
0.766118,-0.642464,0.017414,230.266729
0.463798,0.5339,-0.706995,-357.087115
0.444919,0.549721,0.707004,158.192951
0.766119,-0.642463,0.017417,230.267477
0.463797,0.5339,-0.706995,-357.336946
0.444918,0.549722,0.707004,158.443923
0.76612,-0.642461,0.017417,230.267599
0.463795,0.533902,-0.706996,-357.586478
0.444917,0.549722,0.707004,158.694756
0.766122,-0.642459,0.017417,230.267259
0.463792,0.533905,-0.706996,-357.835581
0.444918,0.549722,0.707004,158.945345
0.766123,-0.642458,0.017413,230.266293
0.463793,0.533904,-0.706996,-358.085459
0.444915,0.549725,0.707004,159.196677
0.766124,-0.642456,0.017417,230.267648
0.463794,0.533903,-0.706996,-358.334971
0.444912,0.549726,0.707003,159.447816
0.766126,-0.642455,0.017419,230.26846
0.463793,0.533904,-0.706996,-358.584116
0.444911,0.549727,0.707003,159.69876
0.766127,-0.642453,0.01742,230.26873
0.46379,0.533906,-0.706996,-358.832893
0.444911,0.549728,0.707003,159.94951
0.766128,-0.642451,0.017418,230.268457
0.463793,0.533904,-0.706995,-359.082438
0.444907,0.549731,0.707003,160.200998
0.766129,-0.64245,0.017424,230.270509
0.463789,0.533898,-0.707003,-359.333152
0.444909,0.549739,0.706996,160.448642
0.76613,-0.642449,0.017427,230.271937
0.463783,0.533903,-0.707003,-359.582499
0.444912,0.549736,0.706996,160.700177
0.766133,-0.642447,0.017418,230.269026
0.463777,0.533899,-0.70701,-359.834216
0.444916,0.549742,0.706989,160.948848
0.766134,-0.642445,0.017418,230.268435
0.463774,0.533901,-0.70701,-360.084986
0.444916,0.549742,0.706989,161.197893
0.766135,-0.642443,0.017415,230.267296
0.46377,0.533905,-0.70701,-360.335387
0.444917,0.549741,0.706989,161.446734
0.766137,-0.642441,0.01741,230.26561
0.463765,0.533909,-0.70701,-360.585419
0.444919,0.549739,0.706989,161.695368
0.766139,-0.64244,0.017403,230.263378
0.463765,0.533909,-0.70701,-360.836209
0.444918,0.54974,0.706989,161.944726
0.76614,-0.642438,0.017404,230.263469
