619297 1 -0.985290650236832 -0.0703085764017296 -0.155753133645026 8.43224769171748 0.0871689063341131 0.577160879507484 -0.811964839715775 -128.546519118345 0.146982707569284 -0.813598195210948 -0.562542496550343 -1557.74313727694 0 0 0 1
630891 1 -0.985571816207088 -0.0772583372988987 -0.150596628169665 6.05477540887492 0.0755047393063164 0.595628729412209 -0.799703351900618 -131.112059078945 0.151483429590658 -0.799535844109948 -0.581201518014918 -1562.89956635375 0 0 0 1
641984 1 -0.989601992483592 -0.0651318164977209 -0.128240956609866 7.62798981015584 0.0648656554843029 0.593687508398268 -0.802077046866727 -124.769438413234 0.128375789037879 -0.802055477415101 -0.583289523253537 -1559.43646179439 0 0 0 1
667016 1 -0.98351559105328 -0.066569040410905 -0.168123897807214 4.95164062083315 0.094075485832555 0.60565482382121 -0.790146845432841 -130.655103941319 0.154424366990731 -0.79293807907104 -0.589408447206723 -1563.31150085666 0 0 0 1
752641 1 -0.98156514382311 -0.0765252757000177 -0.175139232071384 7.14491582741146 0.0974801284827648 0.58775972053155 -0.803141416857367 -136.6392621696 0.164400404447499 -0.805408215192589 -0.569464760909564 -1560.58903045858 0 0 0 1
754625 1 -0.982731906211487 -0.0819999273762027 -0.165873483185939 9.33452317045496 0.0879015664292777 0.581942742963588 -0.80846518696311 -131.287647337831 0.162822956407313 -0.809085073291007 -0.564685779035092 -1558.12575024378 0 0 0 1
757516 1 -0.98695639533649 -0.0827777259754934 -0.138075782767034 11.0038915382476 0.0664468539909598 0.571754288496963 -0.817729692000991 -125.765552188002 0.14663522530111 -0.816238250554125 -0.558796232121544 -1555.72978797661 0 0 0 1
771000 1 -0.979771649446057 -0.0271614170379365 -0.198266922017377 6.89812012962032 0.138900974974648 0.620922881441562 -0.771466975607771 -132.162435629248 0.144062604769057 -0.783400939957824 -0.604589888420535 -1558.91715732686 0 0 0 1
771969 1 -0.975972833804233 -0.021089475947178 -0.216869227140251 5.69066983527289 0.156812295751748 0.623065003902153 -0.766289700318017 -135.048673629286 0.151284274057825 -0.781885691720141 -0.604787428363151 -1560.22727635368 0 0 0 1
773609 1 -0.98014098909232 -0.0165776081778392 -0.197607753917279 5.60262678754595 0.144728763954322 0.621423037815792 -0.769991553821239 -132.549048325329 0.135562629014725 -0.783299809127319 -0.606682934188627 -1558.72414736948 0 0 0 1
775719 1 -0.981044275326611 -0.0252944498497421 -0.192125793832281 7.56416533332564 0.136862329400689 0.611451812590476 -0.779355749110019 -128.746423348243 0.137189039795104 -0.790877279789109 -0.596399443052622 -1557.12254315062 0 0 0 1
777344 1 -0.983115364006598 -0.0331549752294269 -0.179958130329557 9.36690240728223 0.121531081209629 0.616919279842487 -0.777586521525834 -127.619411496726 0.136800502024636 -0.78632776230791 -0.602473462377924 -1557.55147958621 0 0 0 1
778687 1 -0.985010439891742 -0.0368131282532766 -0.168520701673375 10.198865698943 0.110574916077164 0.615074318973003 -0.780677122807135 -125.958960664129 0.132391922860901 -0.787609278594473 -0.601784016930567 -1556.94256708059 0 0 0 1
794766 1 -0.982796155369315 -0.0544238425879256 -0.176492952690068 9.82121106744797 0.111484264073842 0.587065600159166 -0.801826190625919 -126.009277762005 0.147251403576359 -0.807707884366448 -0.570898412747022 -1555.91100278004 0 0 0 1
796266 1 -0.985600629905961 -0.0675956715558414 -0.154991043340855 12.6531651662142 0.0843009264054548 0.598143645289395 -0.796942616131862 -121.278545069491 0.146576778980008 -0.79853303299665 -0.58383237583832 -1553.88495555366 0 0 0 1
814578 1 -0.979233175112789 -0.0825071495370575 -0.185188981944918 11.4500393574996 0.103340226634173 0.582736696114742 -0.806063732319271 -126.154470413629 0.174422436394299 -0.808461819306604 -0.562108797659076 -1555.21611094446 0 0 0 1
821281 1 -0.981158482053621 -0.0654505377927094 -0.181780802608195 9.72765745742319 0.110479658087452 0.58180302318008 -0.805791218224298 -128.605388912995 0.158500089094972 -0.810691969444106 -0.563610018040597 -1557.3066580353 0 0 0 1
822562 1 -0.977754564726684 -0.0624358542550581 -0.200244288956201 8.82004273943727 0.126052199995883 0.588145404048993 -0.798871595797626 -132.220553414546 0.167650988760374 -0.80634158258116 -0.56719167674445 -1559.30242875746 0 0 0 1
823609 1 -0.981455342089892 -0.0638911721058115 -0.180729990898461 9.84133572514273 0.107783100895589 0.595732096720721 -0.795918382811997 -129.830082914897 0.158518814796677 -0.80063798752225 -0.577798060131546 -1558.1125277958 0 0 0 1
827578 1 -0.980097272168742 -0.0640822696579522 -0.187890393056367 10.9504250347471 0.114381921916673 0.591277528834966 -0.798315513962659 -126.415974385796 0.162253237336081 -0.803918121832256 -0.572179639941566 -1556.25959100711 0 0 0 1
