398847 1 0.634107661230603 -0.591016302663293 -0.498605258651436 194.052598426531 -0.47550991504814 -0.806532077173274 0.351278136497953 218.287453330604 -0.609752240389132 0.014343586607739 -0.792462281035293 -1277.79920993493 0 0 0 1
403003 1 0.635785173605031 -0.591332745282258 -0.496087489643681 195.690167297775 -0.477062964054804 -0.806300332271003 0.349700875759437 217.882704299356 -0.606785086625625 0.0143303362353759 -0.794736748937732 -1274.77264664492 0 0 0 1
405988 1 0.631242253015964 -0.586363005677056 -0.507653074038461 194.148815642407 -0.475982271806543 -0.809665529877404 0.343340365605658 219.231086924356 -0.612351283932036 0.0249029175341619 -0.790193488814654 -1277.25586154565 0 0 0 1
464128 1 0.644266179097648 -0.593277350558141 -0.482641767551908 189.060763893171 -0.502968296855693 -0.804075743845483 0.316993833563711 220.880428064159 -0.576145799975146 0.0385251018693969 -0.816438505765715 -1290.41697898023 0 0 0 1
472409 1 0.65559573244456 -0.609102187830284 -0.446305680426368 191.644068888738 -0.506368337526396 -0.793081429119599 0.33854534930548 220.73790536165 -0.560165459798474 0.00404617918246204 -0.828370862647153 -1282.76806253555 0 0 0 1
477644 1 0.657426037937604 -0.606340211779459 -0.447372945338569 187.737627302689 -0.505945407051585 -0.79517785107274 0.334232599018628 224.828531728363 -0.558399722174959 0.00661307361078397 -0.829545669346992 -1281.55006982352 0 0 0 1
529847 1 0.646200917063517 -0.608908033822184 -0.460060192945525 194.89598770045 -0.544287088750074 -0.790275168476974 0.281454655510724 222.739402185655 -0.534954147386709 0.0685285665652913 -0.842097319647954 -1288.13178535528 0 0 0 1
536441 1 0.630831439581257 -0.590744703248118 -0.503063008399678 194.281166899541 -0.522985836661149 -0.802659802731817 0.286745628964699 222.90299172978 -0.573181916574206 0.0822066704277459 -0.815294151732678 -1290.62059809004 0 0 0 1
549019 1 0.641643149803416 -0.581563466166239 -0.500077997047522 195.650453208134 -0.499462047945212 -0.811616276111492 0.30301267797452 218.416862940586 -0.58209254502418 0.0553439714117554 -0.811236903657402 -1279.65161347251 0 0 0 1
552222 1 0.629695472804981 -0.569244342351953 -0.528625094210637 195.620463791636 -0.489774705687559 -0.819109108672609 0.298631890055682 219.278211607591 -0.602996143600916 0.0708600507328154 -0.794590777704202 -1282.65766000262 0 0 0 1
555644 1 0.618661774003708 -0.560833711730813 -0.55020283275609 198.006809008878 -0.480951107528648 -0.824103030589316 0.299232730730564 219.371874720437 -0.621243624960089 0.0794968097456966 -0.779574637662556 -1285.57392333352 0 0 0 1
